65080
64487
13009
59300
52704
46454
36675
9370
51915
12386
13191
59546
47125
39993
41389
6942
32450
14505
12705
42960
34935
19900
53839
63650
48065
39195
54388
49344
42932
2919
5491
9772
585
2192
30198
32602
31260
61210
37673
26699
63947
47198
44611
60746
9037
22656
62520
20094
61295
13464
57751
63510
43121
44860
60873
40185
3617
58008
64304
54518
20420
21018
24385
49655
64357
59516
21398
28210
51365
51079
12798
64815
58969
57470
62255
65035
51188
63684
2035
61703
59922
41682
39543
7591
61528
19520
58013
7768
63570
19602
42224
4356
4708
57857
1489
34621
4856
36216
52335
32889
61802
38082
11983
58975
64454
36392
12659
19245
31114
21312
37606
12884
32874
33879
9214
30711
3273
8362
44817
6091
21615
63525
28718
38336
22370
23195
60539
26962
60734
38107
5003
43637
17443
47969
21311
53715
54066
15757
46919
62958
65416
22692
45737
28609
58390
8473
59325
20634
26214
60124
26251
49301
18641
28083
22640
5123
20981
53669
9555
31453
16778
55543
49015
33881
9323
44021
8627
15096
28550
62166
40572
41681
19289
59484
61496
57982
34705
43765
4900
57599
27966
18226
41126
50882
16326
43151
18904
15990
47758
19498
38912
55105
55555
48592
7862
46809
23319
61827
11171
25450
9311
59188
3782
60424
17866
58944
7144
33134
64475
9108
59684
43046
9277
41785
59557
3595
21398
63140
61103
21899
12441
41747
36524
36636
10559
9929
38111
40178
60281
62716
14623
55297
30244
59606
60776
47963
50437
36374
45247
15913
26791
376
15130
58141
32442
57592
2315
58483
14829
22427
13670
34998
28964
62678
64127
34660
880
47894
19419
41462
58530
7522
23867
27069
2351
9448
43996
381
23197
58882
53483
7663
9058
26627
24142
28201
26773
27883
56980
38929
16315
50406
17922
32756
5514
44560
65449
12107
5868
45745
12218
28848
51230
19810
606
26021
2709
1562
2098
49386
38698
12453
51936
61033
46295
62435
42008
45502
6308
62938
65179
6727
7487
1245
49273
34754
35113
54253
36672
29409
15578
20858
62393
35278
5129
328
50704
64416
36464
54632
47513
17375
8079
50967
43153
8800
63562
10184
8518
13055
56181
54426
36922
64496
22311
55359
49660
31649
32952
9584
7257
55099
35826
29826
38669
24324
31723
41421
17677
27460
57990
7262
49294
41713
41003
63066
15598
62417
53502
42004
27159
28972
52242
59002
62553
7345
32792
23111
16041
7814
30574
18633
63281
32865
20188
6796
38362
60645
51031
55420
47868
45772
3835
48947
8541
65305
60660
17932
14557
59667
3308
34845
38791
2661
38734
34117
13611
6043
6029
4970
51883
23840
62256
60086
6251
61223
33150
39338
10268
58815
27383
58892
20241
12364
64390
2141
19358
41668
51476
8545
46388
23075
56401
23430
43973
30273
14981
33856
37721
14405
18295
4894
64775
47134
56840
58791
22833
53343
18117
48162
11846
46870
49205
13361
62905
21521
51229
13533
10998
27336
52954
21531
21852
56480
28059
8170
47982
45633
41090
47999
32532
1390
39151
32783
60498
5527
49127
44964
39120
8599
51483
63464
39530
8149
22760
18145
44744
23719
813
56438
57047
8090
45483
56909
22345
10447
36468
52038
15328
62493
27083
4116
10385
48128
2014
38025
40946
57387
49920
29031
41482
64747
24888
62564
44770
26449
30557
11365
37799
40166
23172
52782
28208
6283
35823
63485
64243
28205
1999
51933
57998
47475
61676
24143
14668
56004
49236
20554
24048
48046
15972
38775
47706
28549
52904
38700
45278
25904
21395
64198
23402
6096
28999
48399
39304
48955
15155
32315
44981
14052
22173
18455
55849
25498
4664
62991
57641
55382
49347
42261
32956
34070
37540
58982
30349
9041
53903
57930
28572
45515
30273
32000
17884
39370
59162
41683
15216
34890
62267
28931
29328
12220
50532
32425
49640
6741
63067
27496
37063
53683
21706
17458
45637
45975
4098
15028
65155
18490
50352
33982
6552
322
24593
12224
42694
5281
1771
12893
15395
38697
24380
51961
14042
2149
27444
42816
61297
43328
11533
62799
23387
1220
63664
6957
36539
39074
22307
36518
10682
61431
46195
46463
19833
8535
21947
43051
39206
58622
7580
32541
32820
25002
20325
11117
17071
9022
33996
13607
26830
18774
58584
21238
44954
1713
53040
64244
9123
60173
59968
60645
21514
47699
1342
45688
19219
28483
22514
50652
10842
56657
2303
2301
17684
1022
38920
4946
55041
38976
63258
8620
11384
22772
13499
50077
44813
43218
58844
51442
54675
53656
7477
4250
9237
61006
19537
10963
1239
58634
52521
58090
4580
36524
48689
28578
8077
55842
7767
48855
8113
46032
63101
50552
39933
16399
27194
20155
22501
3725
22427
36368
29687
54894
6972
48856
25955
22914
63270
20504
46354
23084
56604
269
34646
43181
44455
62971
15391
17491
45563
27156
3802
57314
19648
28290
18384
21687
63667
4169
17665
41942
30705
41306
17661
20614
21415
37576
58219
63829
63959
59519
23072
28804
42034
7196
58573
27440
4171
51178
32978
21583
41934
13653
41452
58149
9465
39720
45583
62869
21793
29780
7736
40891
7817
58461
42633
63250
64843
3080
64098
36810
20920
46842
54920
27227
22136
37047
11036
16916
15436
2546
4542
14964
6596
60364
3067
31018
56089
58554
20163
6101
41118
36529
3784
65321
24462
57555
49737
46388
39425
2498
33154
49247
51185
49013
28781
50584
22124
33890
1401
48394
16060
18426
3884
3870
1512
63579
35463
782
3808
38753
30032
42252
30611
5708
53747
15555
46666
5619
36943
26544
32228
1913
28771
29441
28438
26545
20526
58660
64658
47292
20259
11525
6677
59003
48769
19864
44395
5417
34561
59955
50992
63437
23696
37511
13098
54879
50924
36983
30120
12199
14595
1928
37057
22404
41565
11149
43430
59533
33645
55491
7491
16883
54169
39
36436
46304
6480
16151
50227
33924
8940
11025
34916
19372
39633
4657
49847
50666
56650
45457
15679
63238
62615
42632
23506
11070
13730
24999
58228
55671
15341
52879
13853
45912
62616
8565
23453
42090
45366
62551
21205
23224
19575
41114
13827
7731
18351
23585
64181
28928
12712
59240
10583
65222
55884
36118
29085
26256
20423
64196
22378
28092
34964
13963
27790
41318
63921
47168
38174
54671
969
30535
62452
10392
36663
44059
22566
24781
53570
30497
3230
20891
10054
25086
56691
17602
38772
692
64846
35229
49213
51388
50361
51926
65170
59691
41938
64413
13978
33405
65080
64487
13009
59300
52704
46454
36675
9370
51915
12386
13191
59546
47125
39993
41389
6942
32450
14505
12705
42960
34935
19900
53839
63650
48065
39195
54388
49344
42932
2919
5491
9772
585
2192
30198
32602
31260
61210
37673
26699
63947
47198
44611
60746
9037
22656
62520
20094
61295
13464
57751
63510
43121
44860
60873
40185
3617
58008
64304
54518
20420
21018
24385
49655
64357
59516
21398
28210
51365
51079
12798
64815
58969
57470
62255
65035
51188
63684
2035
61703
59922
41682
39543
7591
61528
19520
58013
7768
63570
19602
42224
4356
4708
57857
1489
34621
4856
36216
52335
32889
61802
38082
11983
58975
64454
36392
12659
19245
31114
21312
37606
12884
32874
33879
9214
30711
3273
8362
44817
6091
21615
63525
28718
38336
39074
22307
36518
10682
61431
46195
46463
19833
8535
21947
43051
39206
58622
7580
32541
32820
25002
20325
11117
17071
9022
33996
13607
26830
18774
58584
21238
44954
1713
53040
64244
9123
60173
59968
60645
21514
47699
1342
45688
19219
28483
22514
50652
10842
56657
2303
2301
17684
1022
38920
4946
55041
38976
63258
8620
11384
22772
13499
50077
44813
43218
58844
51442
54675
53656
7477
4250
9237
61006
19537
10963
1239
58634
52521
58090
4580
36524
48689
28578
8077
55842
7767
48855
8113
46032
63101
50552
39933
-1
